{
    "cx": 437.61260986328125,
    "cy": 260.52679443359375,
    "fl_x": 1523.7974853515625,
    "fl_y": 1523.045166015625,
    "h": 540,
    "w": 960,
    "camera_angle_x": 0.6103261771361391,
    "camera_angle_y": 0.3509071782672544,
    "frames": [
        {
            "timestep_index": 0,
            "timestep_index_original": 0,
            "timestep_id": "000000",
            "camera_index": 0,
            "camera_id": "00000001",
            "cx": 487.0624694824219,
            "cy": 273.2201232910156,
            "fl_x": 1522.0853271484375,
            "fl_y": 1526.16455078125,
            "h": 540,
            "w": 960,
            "camera_angle_x": 0.6109708175718195,
            "camera_angle_y": 0.3502045313817686,
            "transform_matrix": [
                [
                    0.6406105160713196,
                    -0.09012968838214874,
                    -0.7625579833984375,
                    -0.8565551191568375
                ],
                [
                    0.045954346656799316,
                    0.9958074688911438,
                    -0.07909286022186279,
                    -0.03563867509365082
                ],
                [
                    0.7664896249771118,
                    0.015624910593032837,
                    0.6420668363571167,
                    0.8608294539153576
                ],
                [
                    0.0,
                    0.0,
                    0.0,
                    1.0
                ]
            ],
            "file_path": "images/00000_00.png",
            "fg_mask_path": "fg_masks/00000_00.png",
            "flame_param_path": "flame_param/00000.npz"
        },
        {
            "timestep_index": 0,
            "timestep_index_original": 0,
            "timestep_id": "000000",
            "camera_index": 1,
            "camera_id": "00000002",
            "cx": 475.3384704589844,
            "cy": 244.1544189453125,
            "fl_x": 1531.7059326171875,
            "fl_y": 1530.3223876953125,
            "h": 540,
            "w": 960,
            "camera_angle_x": 0.6073656112084979,
            "camera_angle_y": 0.34927229022461753,
            "transform_matrix": [
                [
                    0.8960025906562805,
                    -0.07802478969097137,
                    -0.43714019656181335,
                    -0.5540877729654312
                ],
                [
                    0.08051031827926636,
                    0.996670663356781,
                    -0.012873440980911255,
                    -0.002164021134376526
                ],
                [
                    0.43668925762176514,
                    -0.023659616708755493,
                    0.8993014097213745,
                    1.0903123430907726
                ],
                [
                    0.0,
                    0.0,
                    0.0,
                    1.0
                ]
            ],
            "file_path": "images/00000_01.png",
            "fg_mask_path": "fg_masks/00000_01.png",
            "flame_param_path": "flame_param/00000.npz"
        },
        {
            "timestep_index": 0,
            "timestep_index_original": 0,
            "timestep_id": "000000",
            "camera_index": 2,
            "camera_id": "00000003",
            "cx": 467.04779052734375,
            "cy": 271.2334899902344,
            "fl_x": 1527.309326171875,
            "fl_y": 1527.2030029296875,
            "h": 540,
            "w": 960,
            "camera_angle_x": 0.6090080579773521,
            "camera_angle_y": 0.3499712357251804,
            "transform_matrix": [
                [
                    0.9889965057373047,
                    -0.014200232923030853,
                    -0.14725562930107117,
                    -0.1676415354013443
                ],
                [
                    0.008140236139297485,
                    0.9990981817245483,
                    -0.04167431592941284,
                    0.008408859372138977
                ],
                [
                    0.14771462976932526,
                    0.040017008781433105,
                    0.98822021484375,
                    1.2031498961150646
                ],
                [
                    0.0,
                    0.0,
                    0.0,
                    1.0
                ]
            ],
            "file_path": "images/00000_02.png",
            "fg_mask_path": "fg_masks/00000_02.png",
            "flame_param_path": "flame_param/00000.npz"
        },
        {
            "timestep_index": 0,
            "timestep_index_original": 0,
            "timestep_id": "000000",
            "camera_index": 3,
            "camera_id": "00000004",
            "cx": 471.6305847167969,
            "cy": 249.09072875976562,
            "fl_x": 1530.45361328125,
            "fl_y": 1530.7352294921875,
            "h": 540,
            "w": 960,
            "camera_angle_x": 0.6078325669539925,
            "camera_angle_y": 0.3491799937632861,
            "transform_matrix": [
                [
                    0.9882701635360718,
                    -0.003422357141971588,
                    0.15267705917358398,
                    0.20458579063415527
                ],
                [
                    0.0051224324852228165,
                    0.9999291896820068,
                    -0.010742932558059692,
                    0.009402438998222351
                ],
                [
                    -0.15262942016124725,
                    0.011399149894714355,
                    0.9882181286811829,
                    1.208024363964796
                ],
                [
                    0.0,
                    0.0,
                    0.0,
                    1.0
                ]
            ],
            "file_path": "images/00000_03.png",
            "fg_mask_path": "fg_masks/00000_03.png",
            "flame_param_path": "flame_param/00000.npz"
        },
        {
            "timestep_index": 0,
            "timestep_index_original": 0,
            "timestep_id": "000000",
            "camera_index": 4,
            "camera_id": "00000005",
            "cx": 456.34112548828125,
            "cy": 244.57217407226562,
            "fl_x": 1527.77783203125,
            "fl_y": 1527.3809814453125,
            "h": 540,
            "w": 960,
            "camera_angle_x": 0.6088326279533729,
            "camera_angle_y": 0.34993128246534305,
            "transform_matrix": [
                [
                    0.8740299940109253,
                    0.06151070073246956,
                    0.4819627106189728,
                    0.6015899926424026
                ],
                [
                    -0.05900724232196808,
                    0.9980497360229492,
                    -0.020368129014968872,
                    0.007168874144554138
                ],
                [
                    -0.4822756052017212,
                    -0.010637015104293823,
                    0.8759549856185913,
                    1.0790809206664562
                ],
                [
                    0.0,
                    0.0,
                    0.0,
                    1.0
                ]
            ],
            "file_path": "images/00000_04.png",
            "fg_mask_path": "fg_masks/00000_04.png",
            "flame_param_path": "flame_param/00000.npz"
        },
        {
            "timestep_index": 1,
            "timestep_index_original": 1,
            "timestep_id": "000001",
            "camera_index": 0,
            "camera_id": "00000001",
            "cx": 487.0624694824219,
            "cy": 273.2201232910156,
            "fl_x": 1522.0853271484375,
            "fl_y": 1526.16455078125,
            "h": 540,
            "w": 960,
            "camera_angle_x": 0.6109708175718195,
            "camera_angle_y": 0.3502045313817686,
            "transform_matrix": [
                [
                    0.6406105160713196,
                    -0.09012968838214874,
                    -0.7625579833984375,
                    -0.8565551191568375
                ],
                [
                    0.045954346656799316,
                    0.9958074688911438,
                    -0.07909286022186279,
                    -0.03563867509365082
                ],
                [
                    0.7664896249771118,
                    0.015624910593032837,
                    0.6420668363571167,
                    0.8608294539153576
                ],
                [
                    0.0,
                    0.0,
                    0.0,
                    1.0
                ]
            ],
            "file_path": "images/00001_00.png",
            "fg_mask_path": "fg_masks/00001_00.png",
            "flame_param_path": "flame_param/00001.npz"
        },
        {
            "timestep_index": 1,
            "timestep_index_original": 1,
            "timestep_id": "000001",
            "camera_index": 1,
            "camera_id": "00000002",
            "cx": 475.3384704589844,
            "cy": 244.1544189453125,
            "fl_x": 1531.7059326171875,
            "fl_y": 1530.3223876953125,
            "h": 540,
            "w": 960,
            "camera_angle_x": 0.6073656112084979,
            "camera_angle_y": 0.34927229022461753,
            "transform_matrix": [
                [
                    0.8960025906562805,
                    -0.07802478969097137,
                    -0.43714019656181335,
                    -0.5540877729654312
                ],
                [
                    0.08051031827926636,
                    0.996670663356781,
                    -0.012873440980911255,
                    -0.002164021134376526
                ],
                [
                    0.43668925762176514,
                    -0.023659616708755493,
                    0.8993014097213745,
                    1.0903123430907726
                ],
                [
                    0.0,
                    0.0,
                    0.0,
                    1.0
                ]
            ],
            "file_path": "images/00001_01.png",
            "fg_mask_path": "fg_masks/00001_01.png",
            "flame_param_path": "flame_param/00001.npz"
        },
        {
            "timestep_index": 1,
            "timestep_index_original": 1,
            "timestep_id": "000001",
            "camera_index": 2,
            "camera_id": "00000003",
            "cx": 467.04779052734375,
            "cy": 271.2334899902344,
            "fl_x": 1527.309326171875,
            "fl_y": 1527.2030029296875,
            "h": 540,
            "w": 960,
            "camera_angle_x": 0.6090080579773521,
            "camera_angle_y": 0.3499712357251804,
            "transform_matrix": [
                [
                    0.9889965057373047,
                    -0.014200232923030853,
                    -0.14725562930107117,
                    -0.1676415354013443
                ],
                [
                    0.008140236139297485,
                    0.9990981817245483,
                    -0.04167431592941284,
                    0.008408859372138977
                ],
                [
                    0.14771462976932526,
                    0.040017008781433105,
                    0.98822021484375,
                    1.2031498961150646
                ],
                [
                    0.0,
                    0.0,
                    0.0,
                    1.0
                ]
            ],
            "file_path": "images/00001_02.png",
            "fg_mask_path": "fg_masks/00001_02.png",
            "flame_param_path": "flame_param/00001.npz"
        },
        {
            "timestep_index": 1,
            "timestep_index_original": 1,
            "timestep_id": "000001",
            "camera_index": 3,
            "camera_id": "00000004",
            "cx": 471.6305847167969,
            "cy": 249.09072875976562,
            "fl_x": 1530.45361328125,
            "fl_y": 1530.7352294921875,
            "h": 540,
            "w": 960,
            "camera_angle_x": 0.6078325669539925,
            "camera_angle_y": 0.3491799937632861,
            "transform_matrix": [
                [
                    0.9882701635360718,
                    -0.003422357141971588,
                    0.15267705917358398,
                    0.20458579063415527
                ],
                [
                    0.0051224324852228165,
                    0.9999291896820068,
                    -0.010742932558059692,
                    0.009402438998222351
                ],
                [
                    -0.15262942016124725,
                    0.011399149894714355,
                    0.9882181286811829,
                    1.208024363964796
                ],
                [
                    0.0,
                    0.0,
                    0.0,
                    1.0
                ]
            ],
            "file_path": "images/00001_03.png",
            "fg_mask_path": "fg_masks/00001_03.png",
            "flame_param_path": "flame_param/00001.npz"
        },
        {
            "timestep_index": 1,
            "timestep_index_original": 1,
            "timestep_id": "000001",
            "camera_index": 4,
            "camera_id": "00000005",
            "cx": 456.34112548828125,
            "cy": 244.57217407226562,
            "fl_x": 1527.77783203125,
            "fl_y": 1527.3809814453125,
            "h": 540,
            "w": 960,
            "camera_angle_x": 0.6088326279533729,
            "camera_angle_y": 0.34993128246534305,
            "transform_matrix": [
                [
                    0.8740299940109253,
                    0.06151070073246956,
                    0.4819627106189728,
                    0.6015899926424026
                ],
                [
                    -0.05900724232196808,
                    0.9980497360229492,
                    -0.020368129014968872,
                    0.007168874144554138
                ],
                [
                    -0.4822756052017212,
                    -0.010637015104293823,
                    0.8759549856185913,
                    1.0790809206664562
                ],
                [
                    0.0,
                    0.0,
                    0.0,
                    1.0
                ]
            ],
            "file_path": "images/00001_04.png",
            "fg_mask_path": "fg_masks/00001_04.png",
            "flame_param_path": "flame_param/00001.npz"
        },
        {
            "timestep_index": 2,
            "timestep_index_original": 2,
            "timestep_id": "000002",
            "camera_index": 0,
            "camera_id": "00000001",
            "cx": 487.0624694824219,
            "cy": 273.2201232910156,
            "fl_x": 1522.0853271484375,
            "fl_y": 1526.16455078125,
            "h": 540,
            "w": 960,
            "camera_angle_x": 0.6109708175718195,
            "camera_angle_y": 0.3502045313817686,
            "transform_matrix": [
                [
                    0.6406105160713196,
                    -0.09012968838214874,
                    -0.7625579833984375,
                    -0.8565551191568375
                ],
                [
                    0.045954346656799316,
                    0.9958074688911438,
                    -0.07909286022186279,
                    -0.03563867509365082
                ],
                [
                    0.7664896249771118,
                    0.015624910593032837,
                    0.6420668363571167,
                    0.8608294539153576
                ],
                [
                    0.0,
                    0.0,
                    0.0,
                    1.0
                ]
            ],
            "file_path": "images/00002_00.png",
            "fg_mask_path": "fg_masks/00002_00.png",
            "flame_param_path": "flame_param/00002.npz"
        },
        {
            "timestep_index": 2,
            "timestep_index_original": 2,
            "timestep_id": "000002",
            "camera_index": 1,
            "camera_id": "00000002",
            "cx": 475.3384704589844,
            "cy": 244.1544189453125,
            "fl_x": 1531.7059326171875,
            "fl_y": 1530.3223876953125,
            "h": 540,
            "w": 960,
            "camera_angle_x": 0.6073656112084979,
            "camera_angle_y": 0.34927229022461753,
            "transform_matrix": [
                [
                    0.8960025906562805,
                    -0.07802478969097137,
                    -0.43714019656181335,
                    -0.5540877729654312
                ],
                [
                    0.08051031827926636,
                    0.996670663356781,
                    -0.012873440980911255,
                    -0.002164021134376526
                ],
                [
                    0.43668925762176514,
                    -0.023659616708755493,
                    0.8993014097213745,
                    1.0903123430907726
                ],
                [
                    0.0,
                    0.0,
                    0.0,
                    1.0
                ]
            ],
            "file_path": "images/00002_01.png",
            "fg_mask_path": "fg_masks/00002_01.png",
            "flame_param_path": "flame_param/00002.npz"
        },
        {
            "timestep_index": 2,
            "timestep_index_original": 2,
            "timestep_id": "000002",
            "camera_index": 2,
            "camera_id": "00000003",
            "cx": 467.04779052734375,
            "cy": 271.2334899902344,
            "fl_x": 1527.309326171875,
            "fl_y": 1527.2030029296875,
            "h": 540,
            "w": 960,
            "camera_angle_x": 0.6090080579773521,
            "camera_angle_y": 0.3499712357251804,
            "transform_matrix": [
                [
                    0.9889965057373047,
                    -0.014200232923030853,
                    -0.14725562930107117,
                    -0.1676415354013443
                ],
                [
                    0.008140236139297485,
                    0.9990981817245483,
                    -0.04167431592941284,
                    0.008408859372138977
                ],
                [
                    0.14771462976932526,
                    0.040017008781433105,
                    0.98822021484375,
                    1.2031498961150646
                ],
                [
                    0.0,
                    0.0,
                    0.0,
                    1.0
                ]
            ],
            "file_path": "images/00002_02.png",
            "fg_mask_path": "fg_masks/00002_02.png",
            "flame_param_path": "flame_param/00002.npz"
        },
        {
            "timestep_index": 2,
            "timestep_index_original": 2,
            "timestep_id": "000002",
            "camera_index": 3,
            "camera_id": "00000004",
            "cx": 471.6305847167969,
            "cy": 249.09072875976562,
            "fl_x": 1530.45361328125,
            "fl_y": 1530.7352294921875,
            "h": 540,
            "w": 960,
            "camera_angle_x": 0.6078325669539925,
            "camera_angle_y": 0.3491799937632861,
            "transform_matrix": [
                [
                    0.9882701635360718,
                    -0.003422357141971588,
                    0.15267705917358398,
                    0.20458579063415527
                ],
                [
                    0.0051224324852228165,
                    0.9999291896820068,
                    -0.010742932558059692,
                    0.009402438998222351
                ],
                [
                    -0.15262942016124725,
                    0.011399149894714355,
                    0.9882181286811829,
                    1.208024363964796
                ],
                [
                    0.0,
                    0.0,
                    0.0,
                    1.0
                ]
            ],
            "file_path": "images/00002_03.png",
            "fg_mask_path": "fg_masks/00002_03.png",
            "flame_param_path": "flame_param/00002.npz"
        },
        {
            "timestep_index": 2,
            "timestep_index_original": 2,
            "timestep_id": "000002",
            "camera_index": 4,
            "camera_id": "00000005",
            "cx": 456.34112548828125,
            "cy": 244.57217407226562,
            "fl_x": 1527.77783203125,
            "fl_y": 1527.3809814453125,
            "h": 540,
            "w": 960,
            "camera_angle_x": 0.6088326279533729,
            "camera_angle_y": 0.34993128246534305,
            "transform_matrix": [
                [
                    0.8740299940109253,
                    0.06151070073246956,
                    0.4819627106189728,
                    0.6015899926424026
                ],
                [
                    -0.05900724232196808,
                    0.9980497360229492,
                    -0.020368129014968872,
                    0.007168874144554138
                ],
                [
                    -0.4822756052017212,
                    -0.010637015104293823,
                    0.8759549856185913,
                    1.0790809206664562
                ],
                [
                    0.0,
                    0.0,
                    0.0,
                    1.0
                ]
            ],
            "file_path": "images/00002_04.png",
            "fg_mask_path": "fg_masks/00002_04.png",
            "flame_param_path": "flame_param/00002.npz"
        },
        {
            "timestep_index": 3,
            "timestep_index_original": 3,
            "timestep_id": "000003",
            "camera_index": 0,
            "camera_id": "00000001",
            "cx": 487.0624694824219,
            "cy": 273.2201232910156,
            "fl_x": 1522.0853271484375,
            "fl_y": 1526.16455078125,
            "h": 540,
            "w": 960,
            "camera_angle_x": 0.6109708175718195,
            "camera_angle_y": 0.3502045313817686,
            "transform_matrix": [
                [
                    0.6406105160713196,
                    -0.09012968838214874,
                    -0.7625579833984375,
                    -0.8565551191568375
                ],
                [
                    0.045954346656799316,
                    0.9958074688911438,
                    -0.07909286022186279,
                    -0.03563867509365082
                ],
                [
                    0.7664896249771118,
                    0.015624910593032837,
                    0.6420668363571167,
                    0.8608294539153576
                ],
                [
                    0.0,
                    0.0,
                    0.0,
                    1.0
                ]
            ],
            "file_path": "images/00003_00.png",
            "fg_mask_path": "fg_masks/00003_00.png",
            "flame_param_path": "flame_param/00003.npz"
        },
        {
            "timestep_index": 3,
            "timestep_index_original": 3,
            "timestep_id": "000003",
            "camera_index": 1,
            "camera_id": "00000002",
            "cx": 475.3384704589844,
            "cy": 244.1544189453125,
            "fl_x": 1531.7059326171875,
            "fl_y": 1530.3223876953125,
            "h": 540,
            "w": 960,
            "camera_angle_x": 0.6073656112084979,
            "camera_angle_y": 0.34927229022461753,
            "transform_matrix": [
                [
                    0.8960025906562805,
                    -0.07802478969097137,
                    -0.43714019656181335,
                    -0.5540877729654312
                ],
                [
                    0.08051031827926636,
                    0.996670663356781,
                    -0.012873440980911255,
                    -0.002164021134376526
                ],
                [
                    0.43668925762176514,
                    -0.023659616708755493,
                    0.8993014097213745,
                    1.0903123430907726
                ],
                [
                    0.0,
                    0.0,
                    0.0,
                    1.0
                ]
            ],
            "file_path": "images/00003_01.png",
            "fg_mask_path": "fg_masks/00003_01.png",
            "flame_param_path": "flame_param/00003.npz"
        },
        {
            "timestep_index": 3,
            "timestep_index_original": 3,
            "timestep_id": "000003",
            "camera_index": 2,
            "camera_id": "00000003",
            "cx": 467.04779052734375,
            "cy": 271.2334899902344,
            "fl_x": 1527.309326171875,
            "fl_y": 1527.2030029296875,
            "h": 540,
            "w": 960,
            "camera_angle_x": 0.6090080579773521,
            "camera_angle_y": 0.3499712357251804,
            "transform_matrix": [
                [
                    0.9889965057373047,
                    -0.014200232923030853,
                    -0.14725562930107117,
                    -0.1676415354013443
                ],
                [
                    0.008140236139297485,
                    0.9990981817245483,
                    -0.04167431592941284,
                    0.008408859372138977
                ],
                [
                    0.14771462976932526,
                    0.040017008781433105,
                    0.98822021484375,
                    1.2031498961150646
                ],
                [
                    0.0,
                    0.0,
                    0.0,
                    1.0
                ]
            ],
            "file_path": "images/00003_02.png",
            "fg_mask_path": "fg_masks/00003_02.png",
            "flame_param_path": "flame_param/00003.npz"
        },
        {
            "timestep_index": 3,
            "timestep_index_original": 3,
            "timestep_id": "000003",
            "camera_index": 3,
            "camera_id": "00000004",
            "cx": 471.6305847167969,
            "cy": 249.09072875976562,
            "fl_x": 1530.45361328125,
            "fl_y": 1530.7352294921875,
            "h": 540,
            "w": 960,
            "camera_angle_x": 0.6078325669539925,
            "camera_angle_y": 0.3491799937632861,
            "transform_matrix": [
                [
                    0.9882701635360718,
                    -0.003422357141971588,
                    0.15267705917358398,
                    0.20458579063415527
                ],
                [
                    0.0051224324852228165,
                    0.9999291896820068,
                    -0.010742932558059692,
                    0.009402438998222351
                ],
                [
                    -0.15262942016124725,
                    0.011399149894714355,
                    0.9882181286811829,
                    1.208024363964796
                ],
                [
                    0.0,
                    0.0,
                    0.0,
                    1.0
                ]
            ],
            "file_path": "images/00003_03.png",
            "fg_mask_path": "fg_masks/00003_03.png",
            "flame_param_path": "flame_param/00003.npz"
        },
        {
            "timestep_index": 3,
            "timestep_index_original": 3,
            "timestep_id": "000003",
            "camera_index": 4,
            "camera_id": "00000005",
            "cx": 456.34112548828125,
            "cy": 244.57217407226562,
            "fl_x": 1527.77783203125,
            "fl_y": 1527.3809814453125,
            "h": 540,
            "w": 960,
            "camera_angle_x": 0.6088326279533729,
            "camera_angle_y": 0.34993128246534305,
            "transform_matrix": [
                [
                    0.8740299940109253,
                    0.06151070073246956,
                    0.4819627106189728,
                    0.6015899926424026
                ],
                [
                    -0.05900724232196808,
                    0.9980497360229492,
                    -0.020368129014968872,
                    0.007168874144554138
                ],
                [
                    -0.4822756052017212,
                    -0.010637015104293823,
                    0.8759549856185913,
                    1.0790809206664562
                ],
                [
                    0.0,
                    0.0,
                    0.0,
                    1.0
                ]
            ],
            "file_path": "images/00003_04.png",
            "fg_mask_path": "fg_masks/00003_04.png",
            "flame_param_path": "flame_param/00003.npz"
        },
        {
            "timestep_index": 4,
            "timestep_index_original": 4,
            "timestep_id": "000004",
            "camera_index": 0,
            "camera_id": "00000001",
            "cx": 487.0624694824219,
            "cy": 273.2201232910156,
            "fl_x": 1522.0853271484375,
            "fl_y": 1526.16455078125,
            "h": 540,
            "w": 960,
            "camera_angle_x": 0.6109708175718195,
            "camera_angle_y": 0.3502045313817686,
            "transform_matrix": [
                [
                    0.6406105160713196,
                    -0.09012968838214874,
                    -0.7625579833984375,
                    -0.8565551191568375
                ],
                [
                    0.045954346656799316,
                    0.9958074688911438,
                    -0.07909286022186279,
                    -0.03563867509365082
                ],
                [
                    0.7664896249771118,
                    0.015624910593032837,
                    0.6420668363571167,
                    0.8608294539153576
                ],
                [
                    0.0,
                    0.0,
                    0.0,
                    1.0
                ]
            ],
            "file_path": "images/00004_00.png",
            "fg_mask_path": "fg_masks/00004_00.png",
            "flame_param_path": "flame_param/00004.npz"
        },
        {
            "timestep_index": 4,
            "timestep_index_original": 4,
            "timestep_id": "000004",
            "camera_index": 1,
            "camera_id": "00000002",
            "cx": 475.3384704589844,
            "cy": 244.1544189453125,
            "fl_x": 1531.7059326171875,
            "fl_y": 1530.3223876953125,
            "h": 540,
            "w": 960,
            "camera_angle_x": 0.6073656112084979,
            "camera_angle_y": 0.34927229022461753,
            "transform_matrix": [
                [
                    0.8960025906562805,
                    -0.07802478969097137,
                    -0.43714019656181335,
                    -0.5540877729654312
                ],
                [
                    0.08051031827926636,
                    0.996670663356781,
                    -0.012873440980911255,
                    -0.002164021134376526
                ],
                [
                    0.43668925762176514,
                    -0.023659616708755493,
                    0.8993014097213745,
                    1.0903123430907726
                ],
                [
                    0.0,
                    0.0,
                    0.0,
                    1.0
                ]
            ],
            "file_path": "images/00004_01.png",
            "fg_mask_path": "fg_masks/00004_01.png",
            "flame_param_path": "flame_param/00004.npz"
        },
        {
            "timestep_index": 4,
            "timestep_index_original": 4,
            "timestep_id": "000004",
            "camera_index": 2,
            "camera_id": "00000003",
            "cx": 467.04779052734375,
            "cy": 271.2334899902344,
            "fl_x": 1527.309326171875,
            "fl_y": 1527.2030029296875,
            "h": 540,
            "w": 960,
            "camera_angle_x": 0.6090080579773521,
            "camera_angle_y": 0.3499712357251804,
            "transform_matrix": [
                [
                    0.9889965057373047,
                    -0.014200232923030853,
                    -0.14725562930107117,
                    -0.1676415354013443
                ],
                [
                    0.008140236139297485,
                    0.9990981817245483,
                    -0.04167431592941284,
                    0.008408859372138977
                ],
                [
                    0.14771462976932526,
                    0.040017008781433105,
                    0.98822021484375,
                    1.2031498961150646
                ],
                [
                    0.0,
                    0.0,
                    0.0,
                    1.0
                ]
            ],
            "file_path": "images/00004_02.png",
            "fg_mask_path": "fg_masks/00004_02.png",
            "flame_param_path": "flame_param/00004.npz"
        },
        {
            "timestep_index": 4,
            "timestep_index_original": 4,
            "timestep_id": "000004",
            "camera_index": 3,
            "camera_id": "00000004",
            "cx": 471.6305847167969,
            "cy": 249.09072875976562,
            "fl_x": 1530.45361328125,
            "fl_y": 1530.7352294921875,
            "h": 540,
            "w": 960,
            "camera_angle_x": 0.6078325669539925,
            "camera_angle_y": 0.3491799937632861,
            "transform_matrix": [
                [
                    0.9882701635360718,
                    -0.003422357141971588,
                    0.15267705917358398,
                    0.20458579063415527
                ],
                [
                    0.0051224324852228165,
                    0.9999291896820068,
                    -0.010742932558059692,
                    0.009402438998222351
                ],
                [
                    -0.15262942016124725,
                    0.011399149894714355,
                    0.9882181286811829,
                    1.208024363964796
                ],
                [
                    0.0,
                    0.0,
                    0.0,
                    1.0
                ]
            ],
            "file_path": "images/00004_03.png",
            "fg_mask_path": "fg_masks/00004_03.png",
            "flame_param_path": "flame_param/00004.npz"
        },
        {
            "timestep_index": 4,
            "timestep_index_original": 4,
            "timestep_id": "000004",
            "camera_index": 4,
            "camera_id": "00000005",
            "cx": 456.34112548828125,
            "cy": 244.57217407226562,
            "fl_x": 1527.77783203125,
            "fl_y": 1527.3809814453125,
            "h": 540,
            "w": 960,
            "camera_angle_x": 0.6088326279533729,
            "camera_angle_y": 0.34993128246534305,
            "transform_matrix": [
                [
                    0.8740299940109253,
                    0.06151070073246956,
                    0.4819627106189728,
                    0.6015899926424026
                ],
                [
                    -0.05900724232196808,
                    0.9980497360229492,
                    -0.020368129014968872,
                    0.007168874144554138
                ],
                [
                    -0.4822756052017212,
                    -0.010637015104293823,
                    0.8759549856185913,
                    1.0790809206664562
                ],
                [
                    0.0,
                    0.0,
                    0.0,
                    1.0
                ]
            ],
            "file_path": "images/00004_04.png",
            "fg_mask_path": "fg_masks/00004_04.png",
            "flame_param_path": "flame_param/00004.npz"
        },
        {
            "timestep_index": 5,
            "timestep_index_original": 5,
            "timestep_id": "000005",
            "camera_index": 0,
            "camera_id": "00000001",
            "cx": 487.0624694824219,
            "cy": 273.2201232910156,
            "fl_x": 1522.0853271484375,
            "fl_y": 1526.16455078125,
            "h": 540,
            "w": 960,
            "camera_angle_x": 0.6109708175718195,
            "camera_angle_y": 0.3502045313817686,
            "transform_matrix": [
                [
                    0.6406105160713196,
                    -0.09012968838214874,
                    -0.7625579833984375,
                    -0.8565551191568375
                ],
                [
                    0.045954346656799316,
                    0.9958074688911438,
                    -0.07909286022186279,
                    -0.03563867509365082
                ],
                [
                    0.7664896249771118,
                    0.015624910593032837,
                    0.6420668363571167,
                    0.8608294539153576
                ],
                [
                    0.0,
                    0.0,
                    0.0,
                    1.0
                ]
            ],
            "file_path": "images/00005_00.png",
            "fg_mask_path": "fg_masks/00005_00.png",
            "flame_param_path": "flame_param/00005.npz"
        },
        {
            "timestep_index": 5,
            "timestep_index_original": 5,
            "timestep_id": "000005",
            "camera_index": 1,
            "camera_id": "00000002",
            "cx": 475.3384704589844,
            "cy": 244.1544189453125,
            "fl_x": 1531.7059326171875,
            "fl_y": 1530.3223876953125,
            "h": 540,
            "w": 960,
            "camera_angle_x": 0.6073656112084979,
            "camera_angle_y": 0.34927229022461753,
            "transform_matrix": [
                [
                    0.8960025906562805,
                    -0.07802478969097137,
                    -0.43714019656181335,
                    -0.5540877729654312
                ],
                [
                    0.08051031827926636,
                    0.996670663356781,
                    -0.012873440980911255,
                    -0.002164021134376526
                ],
                [
                    0.43668925762176514,
                    -0.023659616708755493,
                    0.8993014097213745,
                    1.0903123430907726
                ],
                [
                    0.0,
                    0.0,
                    0.0,
                    1.0
                ]
            ],
            "file_path": "images/00005_01.png",
            "fg_mask_path": "fg_masks/00005_01.png",
            "flame_param_path": "flame_param/00005.npz"
        },
        {
            "timestep_index": 5,
            "timestep_index_original": 5,
            "timestep_id": "000005",
            "camera_index": 2,
            "camera_id": "00000003",
            "cx": 467.04779052734375,
            "cy": 271.2334899902344,
            "fl_x": 1527.309326171875,
            "fl_y": 1527.2030029296875,
            "h": 540,
            "w": 960,
            "camera_angle_x": 0.6090080579773521,
            "camera_angle_y": 0.3499712357251804,
            "transform_matrix": [
                [
                    0.9889965057373047,
                    -0.014200232923030853,
                    -0.14725562930107117,
                    -0.1676415354013443
                ],
                [
                    0.008140236139297485,
                    0.9990981817245483,
